2.005228007142621394e+00
2.002784818425279223e+00
2.004291722858143832e+00
2.000727594062023051e+00
2.000294307263538407e+00
2.002913065780305590e+00
2.001771215618956656e+00
2.001048097033524709e+00
2.003422200309104451e+00
2.006241245974299758e+00
2.004175373943853256e+00
2.003996360182409120e+00
2.003060384479011802e+00
2.003651588795949401e+00
2.001251795018466950e+00
2.006067140697615603e+00
2.003808184019482574e+00
2.000939262606346691e+00
2.003980000337997058e+00
2.003358095641164294e+00
2.001880127918200358e+00
2.004220355068365933e+00
2.001115732891071364e+00
2.003833882442662251e+00
2.004396380936004363e+00
2.001599072025807668e+00
2.005162121838014677e+00
2.002163534836357339e+00
2.006454658234172683e+00
2.002952772734202469e+00
2.004292424971513942e+00
2.003004724725110819e+00
2.005872950184227843e+00
2.004578181468933185e+00
2.004775440191124858e+00
2.004645829987005801e+00
2.007063586795525545e+00
2.004980010352202413e+00
2.006450360135335842e+00
2.003102808229283216e+00
2.003484222482557531e+00
2.005418513415199389e+00
2.003649195520020410e+00
2.003591508001928645e+00
